


Date
Close

Aug 2, 2017
23.61

Aug 1, 2017
23.71

Jul 31, 2017
23.58

Jul 28, 2017
23.41

Jul 27, 2017
23.35

Jul 26, 2017
23.19

Jul 25, 2017
23.12

Jul 24, 2017
23.13

Jul 21, 2017
23.07

Jul 20, 2017
22.97

Jul 19, 2017
23.03

Jul 18, 2017
22.85

Jul 17, 2017
23.00

Jul 14, 2017
22.95

Jul 13, 2017
22.97

Jul 12, 2017
22.77

Jul 11, 2017
22.71

Jul 10, 2017
22.72

Jul 7, 2017
22.58

Jul 6, 2017
22.64

Jul 5, 2017
22.51

Jul 4, 2017
22.45

Jul 3, 2017
22.46

Jun 30, 2017
22.26

Jun 29, 2017
22.19

Jun 28, 2017
22.25

Jun 27, 2017
22.26

Jun 23, 2017
22.39

Jun 22, 2017
22.57

Jun 21, 2017
22.58

Jun 20, 2017
22.58

Jun 19, 2017
22.62

Jun 16, 2017
22.47

Jun 14, 2017
22.44

Jun 13, 2017
22.48

Jun 12, 2017
22.47

Jun 9, 2017
22.62

Jun 8, 2017
22.51

Jun 6, 2017
22.39

Jun 5, 2017
22.48

Jun 2, 2017
22.43

Jun 1, 2017
22.30

May 31, 2017
22.26

May 30, 2017
22.13

May 29, 2017
22.11

May 26, 2017
22.04

May 25, 2017
21.84

May 24, 2017
21.52

May 23, 2017
21.57

May 22, 2017
21.66

May 19, 2017
21.69

May 18, 2017
21.75

May 17, 2017
22.04

May 16, 2017
22.12

May 15, 2017
22.03

May 12, 2017
21.84

May 11, 2017
21.94

May 10, 2017
21.89

May 9, 2017
21.67

May 8, 2017
21.69

May 5, 2017
21.68

May 3, 2017
21.77

May 2, 2017
21.80

Apr 28, 2017
21.73

Apr 27, 2017
21.75

Apr 26, 2017
21.78

Apr 25, 2017
21.65

Apr 24, 2017
21.47

Apr 21, 2017
21.22

Apr 20, 2017
21.25

Apr 19, 2017
21.11

Apr 18, 2017
21.07

Apr 17, 2017
21.18

Apr 13, 2017
21.24

Apr 11, 2017
21.31

Apr 10, 2017
21.17

Apr 7, 2017
21.10

Apr 6, 2017
21.14

Apr 5, 2017
21.13

Apr 3, 2017
21.04

Mar 31, 2017
20.91

Mar 30, 2017
20.92

Mar 29, 2017
20.85

Mar 28, 2017
20.77

Mar 27, 2017
20.64

Mar 24, 2017
20.71

Mar 23, 2017
20.67

Mar 22, 2017
20.54

Mar 21, 2017
20.71

Mar 20, 2017
20.54

Mar 17, 2017
20.53

Mar 16, 2017
20.56

Mar 15, 2017
20.37

Mar 14, 2017
20.32

Mar 10, 2017
19.99

Mar 9, 2017
20.00

Mar 8, 2017
19.97

Mar 6, 2017
20.04

Mar 3, 2017
19.91

Mar 2, 2017
19.97

Feb 28, 2017
20.03

Feb 27, 2017
19.99

Feb 23, 2017
20.15

Feb 22, 2017
20.12

Feb 21, 2017
20.15

Feb 20, 2017
20.13

Feb 17, 2017
20.02

Feb 16, 2017
19.90

Feb 14, 2017
19.91

Feb 13, 2017
19.98

Feb 10, 2017
20.02

Feb 9, 2017
20.01

Feb 8, 2017
20.00

Feb 7, 2017
20.03

Feb 6, 2017
20.01

Feb 3, 2017
19.80

Feb 2, 2017
19.78

Jan 31, 2017
19.30

Jan 30, 2017
19.48

Jan 27, 2017
19.52

Jan 25, 2017
19.42

Jan 24, 2017
19.15

Jan 23, 2017
18.97

Jan 20, 2017
18.87

Jan 19, 2017
19.08

Jan 18, 2017
19.04

Jan 17, 2017
18.92

Jan 16, 2017
18.91

Jan 13, 2017
18.84

Jan 12, 2017
18.90

Jan 10, 2017
18.64

Jan 9, 2017
18.52

Jan 6, 2017
18.54

Jan 5, 2017
18.58

Jan 3, 2017
18.46

Jan 2, 2017
18.39

Dec 30, 2016
18.38

Dec 29, 2016
18.24

Dec 28, 2016
18.09

Dec 27, 2016
18.04

Dec 26, 2016
17.80

Dec 23, 2016
18.01

Dec 22, 2016
18.01

Dec 21, 2016
18.22

Dec 19, 2016
18.34

Dec 16, 2016
18.48

Dec 14, 2016
18.48

Dec 9, 2016
18.81

Dec 8, 2016
18.78

Dec 7, 2016
18.50

Dec 6, 2016
18.61

Dec 5, 2016
18.57

Dec 2, 2016
18.46

Dec 1, 2016
18.76

Nov 30, 2016
18.85

Nov 28, 2016
18.60

Nov 25, 2016
18.58

Nov 24, 2016
18.35

Nov 23, 2016
18.52

Nov 21, 2016
18.30

Nov 18, 2016
18.68

Nov 17, 2016
18.68

Nov 16, 2016
18.76

Nov 11, 2016
19.27

Nov 10, 2016
19.80

Nov 9, 2016
19.71

Nov 8, 2016
19.89

Nov 7, 2016
19.79

Nov 4, 2016
19.73

Nov 3, 2016
19.92

Nov 2, 2016
20.03

Nov 1, 2016
20.29

Oct 28, 2016
20.31

Oct 27, 2016
20.18

Oct 26, 2016
20.28

Oct 25, 2016
20.42

Oct 24, 2016
20.46

Oct 21, 2016
20.44

Oct 20, 2016
20.40

Oct 19, 2016
20.33

Oct 14, 2016
20.30

Oct 13, 2016
20.32

Oct 10, 2016
20.65

Oct 7, 2016
20.61

Oct 6, 2016
20.65

Oct 5, 2016
20.78

Oct 4, 2016
20.78

Oct 3, 2016
20.76

Sep 30, 2016
20.33

Sep 29, 2016
20.20

Sep 28, 2016
20.62

Sep 27, 2016
20.51

Sep 26, 2016
20.55

Sep 23, 2016
20.75

Sep 22, 2016
20.81

Sep 21, 2016
20.57

Sep 20, 2016
20.59

Sep 19, 2016
20.63

Sep 16, 2016
20.62

Sep 12, 2016
20.53

